\begin{table}[!htbp]\centering
\caption{Audit of export revenue used to construct domestic sales}
\label{tab:domestic_sales_export_audit}
\begin{tabular}{lrrrr}
\toprule
Group & Firm-years & Missing exports (\%) & Zero exports (\%) & Positive exports (\%) \\
\midrule
\multicolumn{5}{l}{Panel A: By year} \\
2011 & 6,522 & 5.7 & 34.2 & 60.2 \\
2012 & 7,682 & 13.3 & 32.4 & 54.3 \\
2013 & 8,847 & 24.7 & 26.3 & 49.0 \\
2014 & 9,517 & 33.1 & 22.3 & 44.6 \\
2015 & 10,806 & 42.5 & 19.2 & 38.3 \\
2016 & 6,767 & 9.0 & 29.7 & 61.3 \\
2017 & 6,542 & 5.7 & 29.5 & 64.8 \\
2018 & 6,696 & 9.0 & 28.1 & 62.9 \\
2019 & 6,769 & 9.1 & 26.3 & 64.6 \\
\midrule
\multicolumn{5}{l}{Panel B: By two-digit ISIC sector, 2011--2019} \\
10 & 5,913 & 16.1 & 39.3 & 44.6 \\
11 & 281 & 29.2 & 30.2 & 40.6 \\
12 & 55 & 16.4 & 7.3 & 76.4 \\
13 & 7,315 & 21.1 & 23.4 & 55.5 \\
14 & 4,135 & 20.2 & 24.1 & 55.7 \\
15 & 863 & 18.2 & 29.2 & 52.6 \\
16 & 1,264 & 17.2 & 37.0 & 45.8 \\
17 & 3,134 & 16.1 & 26.5 & 57.4 \\
18 & 1,480 & 17.6 & 46.9 & 35.5 \\
19 & 359 & 19.2 & 34.0 & 46.8 \\
20 & 5,825 & 18.6 & 21.5 & 59.8 \\
21 & 382 & 29.8 & 23.6 & 46.6 \\
22 & 6,354 & 18.1 & 25.1 & 56.8 \\
23 & 3,132 & 20.6 & 39.4 & 40.0 \\
24 & 3,664 & 17.2 & 22.2 & 60.5 \\
25 & 7,161 & 20.1 & 28.5 & 51.5 \\
26 & 1,148 & 20.4 & 22.0 & 57.6 \\
27 & 2,648 & 19.5 & 25.9 & 54.5 \\
28 & 7,238 & 19.1 & 20.7 & 60.1 \\
29 & 2,713 & 18.9 & 16.4 & 64.7 \\
30 & 641 & 23.9 & 23.4 & 52.7 \\
31 & 2,254 & 24.2 & 29.8 & 46.0 \\
32 & 2,189 & 22.2 & 28.1 & 49.7 \\
\bottomrule
\end{tabular}
\begin{minipage}{0.92\textwidth}
\vspace{0.3em}\footnotesize Notes: The sample is restricted to the 2011--2019 baseline IV window. Domestic sales are mechanically observed only when operating revenue and export revenue are both observed. Missing export revenue is not treated as zero exports.
\end{minipage}
\end{table}
